01000000000100110000010001011101
00111111110110000111110011010011
01000000010111010111011100101110
01000000000101110000110000111011
01000000000101010111000001011000
01000000001001001111011010001011
01000000011101010010000111100010
01000000001110111100111001001001
01000000001010100010101011110010
01000000010101111100011010110110
01000000000111101100010110100011
01000000010111010100110010100101
01000000011101000101110100011111
01000000001100111010111001101010
00111111100111100000001101110000
01000000011110010001001110100111
00111111101011100010111111101000
01000000001110101100001111100010
01000000000010101001101111011100
01000000000010101111010110001100
