0100000000100010011000001000101110110001110101111100110110100111
0011111111101011000011111001101001101000010100111111001101001010
0100000000011011101011101110010111000100101101011110110100001100
0100000000000010111000011000011101101000001000101110111101110011
0100000000010010101011100000101100001101111001000001101101001110
0100000000010100100111101101000101111010000100111010010110001111
0100000000001110101001000011110001011010011100010001110111011000
0100000000010111011110011100100100111100101111011101100011001000
0100000000010101010001010101111001010100001000111110000001001110
0100000000011010111110001101011011001101011001000010001010000000
0100000000000011110110001011010001110000101010010111010101011110
0100000000011011101010011001010010101110011000110110011111101000
0100000000011110100010111010001111111101010110000100000000010011
0100000000010110011101011100110101010100100101010101011011011110
0011111111100011110000000110111000010000000100000010100100000110
0100000000011111001000100111010011111010001110101100000001101100
0011111111010101110001011111110100010011010010110110101101101100
0100000000010111010110000111110001001100001000010100000011001011
0100000000100001010100110111101110010111011011110111011100100101
0100000000100001010111101011000110010000100001000001101111000111
